A  = [6 2; 7 4]
B = [-6; 8]
A^-1*B